%YAML:1.0
---
Camera_fx: 6.1304022216796875e+02
Camera_fy: 6.1340289306640625e+02
Camera_cx: 3.1821563720703125e+02
Camera_cy: 2.4282652282714844e+02
Camera_k1: 0.
Camera_k2: 0.
Camera_p1: 0.
Camera_p2: 0.
Camera_k3: 0.
Camera_width: 640
Camera_height: 480
Camera_fps: 30.
Camera_bf: 3.0652011871337891e+01
Camera_RGB: 1
ThDepth: 40.
DepthMapFactor: 1000.
ORBextractor_nFeatures: 1000
ORBextractor_scaleFactor: 1.2000000000000000e+00
ORBextractor_nLevels: 8
ORBextractor_iniThFAST: 20
ORBextractor_minThFAST: 7
Viewer_KeyFrameSize: 5.0000000000000003e-02
Viewer_KeyFrameLineWidth: 1
Viewer_GraphLineWidth: 9.0000000000000002e-01
Viewer_PointSize: 2
Viewer_CameraSize: 8.0000000000000002e-02
Viewer_CameraLineWidth: 3
Viewer_ViewpointX: 0
Viewer_ViewpointY: -6.9999999999999996e-01
Viewer_ViewpointZ: -1.8000000000000000e+00
Viewer_ViewpointF: 500
DepthImgSavePath: "./Imgs/DepthImgs"
RGBImgSavePath: "./Imgs/RGBImgs"
